# paper example
x <- c(0,0.47,1.56,2.61,2.92,2.49,1.09,0.35,0.62,1.18,1.69,2.33,2.02,1.42,0.84)
y <- c(0.83,0.17,0,0.27,0.95,1.71,1.81,1.47,1.11,0.94,1.26,1.14,0.67,0.71,0.59)
t <- c("P","P","P","P","P","P","P","P","O","O","O","O","O","O","O")

# ## huang
# x <- c(0,1,1,1.5,4,4,1.5,0,1,2,3,2)
# y <- c(0,0,1.5,2,2,4,4,2.5,2.5,3.5,3.5,2.5 )
# t <- c("P","P","P","P","P","P","P","P","O","O","O","O")

# ## Schnoor
# x <- c(-23.04555511474609, -19.06896209716797, 7.767521381378174, 11.93653392791748, 1.143398880958557, 0.9297189712524414, -0.8231852054595947, -2.415845155715942, -11.20173835754395, -7.406846523284912, 15.90462398529053, 26.81242370605469, 33.41552734375, 30.84033203125, 43.32503128051758, 44.51272583007812, 47.35161590576172, 48.15155792236328, 61.95372009277344, 60.16547012329102, 28.56160926818848, 21.97341728210449, 54.09495544433594, 51.16161727905273, 36.23018646240234, 32.76373672485352, 21.14167785644531, 15.2600793838501, 25.97242546081543, 43.13101196289062, 41.59370803833008, 24.73308944702148, 22.58422088623047, 8.970183372497559, 6.491962432861328, 3.810000419616699, 5.159155368804932, -16.16537094116211)
# y <- c(13.48306179046631, 7.026129722595215, 22.08766937255859, 15.22451019287109, 8.449685096740723, 6.760637760162354, 5.777165412902832, 6.333076477050781, 1.319499969482422, -5.319160461425781, 8.096704483032227, -10.16914081573486, -6.451435089111328, -1.829165577888489, 5.825870990753174, 8.784958839416504, 9.961438179016113, 9.694748878479004, 18.47922706604004, 21.63232040405273, 2.463357925415039, 12.28345394134521, 30.1817684173584, 34.98200607299805, 25.64850234985352, 27.24861335754395, 20.14260673522949, 29.85283470153809, 36.86472702026367, 47.95513534545898, 51.43765258789062, 41.02177810668945, 41.88458633422852, 34.74723434448242, 35.06100845336914, 32.4570198059082, 27.86073684692383, 15.66607189178467)
# t <- c("P", "P", "P", "P", "P", "P", "P", "P", "P", "P", "P", "P", "P", "P", "P", "P", "P", "P", "P", "P", "P", "P", "P", "P", "P", "P", "P", "P", "P", "P", "P", "P", "P", "P", "P", "P", "P", "P")

## Drivery Indoor Holes
# x <- c(-20.41569709777832, -19.37592124938965, -15.44327735900879, -14.56703567504883,  -18.67117500305176, -10.70061016082764, 0.7305610179901123, -8.097957611083984, 7.883210182189941, -0.8210380077362061, -13.47920417785645, -7.696683883666992, -11.35103988647461, -4.149538040161133, 0.9538669586181641, -7.090229988098145) #, 0.4013368189334844, 0.09433506559988075, 0.6461744904518127, 0.9600594043731689)
# y <- c(-11.34891510009766, -17.7794303894043, -16.19095802307129, -18.85980606079102, -20.47124862670898, -48.64326095581055, -42.42243576049805, -13.25549983978271, -9.471321105957031, 23.57880783081055, 20.91903495788574, -6.900177955627441, 14.74593925476074, 16.83835220336914, -4.586565971374512, -6.983609199523926) #,, 16.59802436828613, 17.85787701692779, 17.99234962463379, 16.70425033569336)
# t <- c("P", "P", "P", "P", "P", "P", "P", "P", "P", "P", "P", "P", "O", "O", "O", "O") #,, "O", "O", "O", "O")


print(length(x))
print(length(y))
print(length(t))
